1000	316	73	404	477	
( 66, 118, 113, 180 )
K_UT/C_UT[1054, 249]   K_T/C_T[3452, 1801]
[nb fired evts : 41943]
2000	302	72	390	462	
( 79, 137, 101, 145 )
K_UT/C_UT[2360, 566]   K_T/C_T[7868, 3826]
[nb fired evts : 89692]
3000	324	68	405	473	
( 45, 118, 118, 192 )
K_UT/C_UT[3588, 860]   K_T/C_T[12042, 5821]
[nb fired evts : 135719]
4000	308	64	391	455	
( 64, 97, 108, 186 )
K_UT/C_UT[4908, 1153]   K_T/C_T[16443, 7903]
[nb fired evts : 183095]
5000	282	50	412	462	
( 63, 119, 123, 157 )
K_UT/C_UT[6192, 1430]   K_T/C_T[20730, 9882]
[nb fired evts : 229651]
6000	321	54	415	469	
( 49, 115, 110, 195 )
K_UT/C_UT[7422, 1725]   K_T/C_T[24747, 11871]
[nb fired evts : 274340]
7000	304	52	393	445	
( 63, 104, 97, 181 )
K_UT/C_UT[8645, 2006]   K_T/C_T[28900, 13808]
[nb fired evts : 320033]
8000	291	61	389	450	
( 64, 93, 101, 192 )
K_UT/C_UT[9909, 2295]   K_T/C_T[33078, 15757]
[nb fired evts : 365618]
9000	316	66	427	493	
( 65, 124, 129, 175 )
K_UT/C_UT[11121, 2553]   K_T/C_T[37220, 17734]
[nb fired evts : 411248]
10000	311	55	428	483	
( 88, 113, 113, 169 )
K_UT/C_UT[12343, 2850]   K_T/C_T[41540, 19691]
[nb fired evts : 457884]
11000	320	64	448	512	
( 52, 111, 132, 217 )
K_UT/C_UT[13638, 3136]   K_T/C_T[46012, 21741]
[nb fired evts : 506073]
12000	287	54	380	434	
( 52, 109, 96, 177 )
K_UT/C_UT[14915, 3449]   K_T/C_T[50315, 23773]
[nb fired evts : 552703]
13000	335	52	389	441	
( 57, 104, 114, 166 )
K_UT/C_UT[16157, 3759]   K_T/C_T[54612, 25873]
[nb fired evts : 599929]
14000	317	51	434	485	
( 79, 106, 111, 189 )
K_UT/C_UT[17406, 4082]   K_T/C_T[58827, 27944]
[nb fired evts : 646634]
15000	301	58	376	434	
( 62, 96, 105, 171 )
K_UT/C_UT[18749, 4400]   K_T/C_T[63230, 29976]
[nb fired evts : 694918]
16000	285	63	396	459	
( 72, 104, 124, 159 )
K_UT/C_UT[20106, 4682]   K_T/C_T[67460, 31979]
[nb fired evts : 741564]
17000	287	63	371	434	
( 59, 106, 91, 178 )
K_UT/C_UT[21395, 4986]   K_T/C_T[71681, 33961]
[nb fired evts : 787682]
18000	326	66	407	473	
( 85, 107, 115, 166 )
K_UT/C_UT[22618, 5268]   K_T/C_T[75898, 35962]
[nb fired evts : 833669]
19000	308	68	410	478	
( 63, 110, 114, 191 )
K_UT/C_UT[23967, 5590]   K_T/C_T[80178, 38001]
[nb fired evts : 881156]
20000	312	53	392	445	
( 64, 106, 113, 162 )
K_UT/C_UT[25224, 5934]   K_T/C_T[84724, 39976]
[nb fired evts : 929201]
21000	290	49	381	430	
( 53, 107, 84, 186 )
K_UT/C_UT[26525, 6222]   K_T/C_T[88981, 42004]
[nb fired evts : 975658]
22000	307	74	433	507	
( 64, 117, 109, 217 )
K_UT/C_UT[27800, 6511]   K_T/C_T[93371, 43993]
[nb fired evts : 1022960]
23000	337	38	387	425	
( 51, 86, 116, 172 )
K_UT/C_UT[29091, 6835]   K_T/C_T[97756, 46061]
[nb fired evts : 1070627]
24000	279	79	426	505	
( 64, 120, 105, 216 )
K_UT/C_UT[30307, 7142]   K_T/C_T[102036, 48058]
[nb fired evts : 1117072]
25000	321	47	371	418	
( 56, 104, 104, 154 )
K_UT/C_UT[31568, 7439]   K_T/C_T[106324, 50030]
[nb fired evts : 1163261]
26000	291	74	393	467	
( 68, 112, 101, 186 )
K_UT/C_UT[32831, 7720]   K_T/C_T[110388, 51958]
[nb fired evts : 1208247]
27000	301	56	412	468	
( 44, 118, 121, 185 )
K_UT/C_UT[34116, 7994]   K_T/C_T[114470, 53890]
[nb fired evts : 1253622]
28000	285	49	422	471	
( 62, 108, 135, 166 )
K_UT/C_UT[35406, 8302]   K_T/C_T[118686, 55761]
[nb fired evts : 1299085]
29000	302	61	388	449	
( 61, 81, 124, 183 )
K_UT/C_UT[36681, 8601]   K_T/C_T[122904, 57724]
[nb fired evts : 1344994]
30000	307	79	395	474	
( 75, 109, 102, 188 )
K_UT/C_UT[37977, 8881]   K_T/C_T[127096, 59767]
[nb fired evts : 1391418]
31000	294	54	417	471	
( 60, 106, 128, 177 )
K_UT/C_UT[39317, 9160]   K_T/C_T[131219, 61636]
[nb fired evts : 1436844]
32000	303	71	394	465	
( 82, 98, 105, 180 )
K_UT/C_UT[40640, 9467]   K_T/C_T[135549, 63622]
[nb fired evts : 1483930]
33000	290	73	418	491	
( 70, 126, 113, 182 )
K_UT/C_UT[41941, 9763]   K_T/C_T[139770, 65650]
[nb fired evts : 1530563]
34000	276	60	433	493	
( 63, 106, 143, 181 )
K_UT/C_UT[43277, 10084]   K_T/C_T[144207, 67723]
[nb fired evts : 1579005]
35000	319	64	421	485	
( 82, 129, 102, 172 )
K_UT/C_UT[44496, 10355]   K_T/C_T[148427, 69734]
[nb fired evts : 1625366]
36000	280	58	420	478	
( 52, 120, 111, 195 )
K_UT/C_UT[45749, 10676]   K_T/C_T[152819, 71714]
[nb fired evts : 1672334]
37000	287	54	386	440	
( 56, 120, 108, 156 )
K_UT/C_UT[47049, 10957]   K_T/C_T[157008, 73713]
[nb fired evts : 1718266]
38000	345	48	419	467	
( 71, 111, 131, 154 )
K_UT/C_UT[48246, 11244]   K_T/C_T[161305, 75699]
[nb fired evts : 1764387]
39000	324	62	395	457	
( 62, 115, 120, 160 )
K_UT/C_UT[49469, 11525]   K_T/C_T[165613, 77732]
[nb fired evts : 1811130]
40000	347	60	367	427	
( 59, 91, 116, 161 )
K_UT/C_UT[50739, 11835]   K_T/C_T[169846, 79720]
[nb fired evts : 1857332]
41000	312	69	418	487	
( 86, 145, 90, 166 )
K_UT/C_UT[51927, 12136]   K_T/C_T[173917, 81753]
[nb fired evts : 1902608]
42000	318	60	405	465	
( 69, 115, 117, 164 )
K_UT/C_UT[53212, 12437]   K_T/C_T[178124, 83746]
[nb fired evts : 1948446]
43000	316	60	406	466	
( 70, 105, 102, 189 )
K_UT/C_UT[54499, 12695]   K_T/C_T[182278, 85731]
[nb fired evts : 1994225]
44000	310	54	391	445	
( 79, 103, 87, 176 )
K_UT/C_UT[55817, 12953]   K_T/C_T[186491, 87766]
[nb fired evts : 2040409]
45000	318	58	415	473	
( 77, 104, 100, 192 )
K_UT/C_UT[57042, 13217]   K_T/C_T[190738, 89778]
[nb fired evts : 2086300]
46000	290	61	439	500	
( 65, 103, 126, 206 )
K_UT/C_UT[58332, 13542]   K_T/C_T[195086, 91844]
[nb fired evts : 2133944]
47000	308	46	387	433	
( 55, 94, 87, 197 )
K_UT/C_UT[59627, 13841]   K_T/C_T[199584, 93915]
[nb fired evts : 2181499]
48000	315	45	417	462	
( 51, 101, 122, 188 )
K_UT/C_UT[60930, 14110]   K_T/C_T[203857, 95964]
[nb fired evts : 2228123]
49000	327	44	396	440	
( 57, 106, 111, 166 )
K_UT/C_UT[62182, 14398]   K_T/C_T[208241, 98039]
[nb fired evts : 2275026]
50000	318	45	372	417	
( 52, 110, 97, 158 )
K_UT/C_UT[63413, 14702]   K_T/C_T[212532, 100075]
[nb fired evts : 2321856]
51000	326	70	394	464	
( 54, 101, 97, 212 )
K_UT/C_UT[64730, 15021]   K_T/C_T[216755, 102161]
[nb fired evts : 2369301]
52000	351	45	369	414	
( 72, 158, 61, 123 )
K_UT/C_UT[66029, 15304]   K_T/C_T[220832, 104296]
[nb fired evts : 2415221]
53000	349	56	395	451	
( 64, 108, 118, 161 )
K_UT/C_UT[67287, 15617]   K_T/C_T[225178, 106367]
[nb fired evts : 2462524]
54000	302	69	362	431	
( 63, 110, 89, 169 )
K_UT/C_UT[68539, 15895]   K_T/C_T[229489, 108368]
[nb fired evts : 2508846]
55000	325	42	360	402	
( 65, 94, 100, 143 )
K_UT/C_UT[69767, 16172]   K_T/C_T[233625, 110318]
[nb fired evts : 2554234]
56000	335	68	402	470	
( 58, 97, 104, 211 )
K_UT/C_UT[71036, 16485]   K_T/C_T[237691, 112285]
[nb fired evts : 2600115]
57000	285	58	405	463	
( 58, 127, 100, 178 )
K_UT/C_UT[72298, 16786]   K_T/C_T[241952, 114232]
[nb fired evts : 2646210]
58000	328	55	394	449	
( 69, 125, 105, 150 )
K_UT/C_UT[73580, 17092]   K_T/C_T[246211, 116279]
[nb fired evts : 2693351]
59000	305	68	410	478	
( 74, 87, 115, 202 )
K_UT/C_UT[74873, 17385]   K_T/C_T[250358, 118273]
[nb fired evts : 2739953]
60000	297	61	419	480	
( 60, 146, 99, 175 )
K_UT/C_UT[76109, 17658]   K_T/C_T[254535, 120318]
[nb fired evts : 2786289]
61000	286	61	412	473	
( 60, 133, 120, 160 )
K_UT/C_UT[77394, 17942]   K_T/C_T[258686, 122294]
[nb fired evts : 2831929]
62000	319	57	388	445	
( 65, 84, 119, 177 )
K_UT/C_UT[78617, 18223]   K_T/C_T[262745, 124213]
[nb fired evts : 2876362]
63000	332	57	422	479	
( 78, 103, 112, 186 )
K_UT/C_UT[79855, 18482]   K_T/C_T[266821, 126264]
[nb fired evts : 2922020]
64000	307	64	407	471	
( 62, 86, 132, 191 )
K_UT/C_UT[81188, 18762]   K_T/C_T[271137, 128216]
[nb fired evts : 2968784]
65000	289	57	436	493	
( 71, 89, 140, 193 )
K_UT/C_UT[82409, 19056]   K_T/C_T[275518, 130223]
[nb fired evts : 3015955]
66000	316	40	389	429	
( 60, 85, 126, 158 )
K_UT/C_UT[83672, 19355]   K_T/C_T[279703, 132138]
[nb fired evts : 3061178]
67000	299	66	415	481	
( 74, 105, 113, 189 )
K_UT/C_UT[84855, 19628]   K_T/C_T[283908, 134150]
[nb fired evts : 3107025]
68000	303	54	398	452	
( 67, 116, 104, 165 )
K_UT/C_UT[86143, 19920]   K_T/C_T[288118, 136100]
[nb fired evts : 3152925]
69000	288	71	391	462	
( 59, 112, 121, 170 )
K_UT/C_UT[87360, 20215]   K_T/C_T[292368, 138104]
[nb fired evts : 3199009]
70000	279	60	406	466	
( 51, 119, 91, 205 )
K_UT/C_UT[88595, 20494]   K_T/C_T[296570, 140136]
[nb fired evts : 3244955]
71000	288	78	426	504	
( 48, 116, 119, 221 )
K_UT/C_UT[89934, 20737]   K_T/C_T[300818, 142142]
[nb fired evts : 3291624]
72000	284	65	431	496	
( 64, 108, 119, 205 )
K_UT/C_UT[91243, 21027]   K_T/C_T[305183, 144202]
[nb fired evts : 3339338]
73000	292	64	376	440	
( 56, 94, 113, 177 )
K_UT/C_UT[92522, 21304]   K_T/C_T[309411, 146201]
[nb fired evts : 3385303]
74000	308	63	394	457	
( 81, 105, 102, 169 )
K_UT/C_UT[93827, 21651]   K_T/C_T[313660, 148268]
[nb fired evts : 3432579]
75000	296	56	399	455	
( 71, 105, 97, 182 )
K_UT/C_UT[95172, 21957]   K_T/C_T[317926, 150319]
[nb fired evts : 3479974]
76000	308	75	434	509	
( 56, 108, 117, 228 )
K_UT/C_UT[96440, 22213]   K_T/C_T[322081, 152351]
[nb fired evts : 3526110]
77000	293	39	409	448	
( 78, 120, 79, 171 )
K_UT/C_UT[97797, 22526]   K_T/C_T[326259, 154329]
[nb fired evts : 3572269]
78000	327	55	376	431	
( 72, 104, 97, 158 )
K_UT/C_UT[99085, 22866]   K_T/C_T[330441, 156346]
[nb fired evts : 3618574]
79000	294	73	411	484	
( 53, 119, 125, 187 )
K_UT/C_UT[100324, 23129]   K_T/C_T[334501, 158307]
[nb fired evts : 3663615]
80000	305	61	383	444	
( 50, 103, 108, 183 )
K_UT/C_UT[101621, 23418]   K_T/C_T[338769, 160282]
[nb fired evts : 3709891]
81000	291	64	369	433	
( 66, 83, 122, 162 )
K_UT/C_UT[102887, 23707]   K_T/C_T[342980, 162338]
[nb fired evts : 3755928]
82000	296	60	374	434	
( 50, 106, 110, 168 )
K_UT/C_UT[104250, 24044]   K_T/C_T[347302, 164342]
[nb fired evts : 3803771]
83000	327	58	397	455	
( 68, 131, 109, 147 )
K_UT/C_UT[105491, 24342]   K_T/C_T[351423, 166317]
[nb fired evts : 3849679]
84000	315	60	399	459	
( 72, 103, 97, 187 )
K_UT/C_UT[106787, 24647]   K_T/C_T[355796, 168298]
[nb fired evts : 3896660]
85000	289	50	417	467	
( 62, 107, 112, 186 )
K_UT/C_UT[108065, 24926]   K_T/C_T[359956, 170339]
[nb fired evts : 3942868]
86000	314	42	413	455	
( 79, 91, 127, 158 )
K_UT/C_UT[109327, 25219]   K_T/C_T[364113, 172353]
[nb fired evts : 3988737]
87000	305	53	414	467	
( 50, 120, 97, 200 )
K_UT/C_UT[110619, 25548]   K_T/C_T[368370, 174362]
[nb fired evts : 4035419]
88000	315	40	403	443	
( 59, 110, 118, 156 )
K_UT/C_UT[111877, 25861]   K_T/C_T[372642, 176300]
[nb fired evts : 4081355]
89000	287	62	391	453	
( 56, 98, 101, 198 )
K_UT/C_UT[113142, 26147]   K_T/C_T[376802, 178187]
[nb fired evts : 4126832]
90000	335	58	403	461	
( 59, 124, 100, 178 )
K_UT/C_UT[114412, 26426]   K_T/C_T[381017, 180183]
[nb fired evts : 4172906]
91000	291	58	402	460	
( 51, 124, 123, 162 )
K_UT/C_UT[115681, 26737]   K_T/C_T[385288, 182184]
[nb fired evts : 4219486]
92000	353	61	426	487	
( 62, 101, 126, 198 )
K_UT/C_UT[116891, 27024]   K_T/C_T[389474, 184193]
[nb fired evts : 4265527]
93000	282	65	400	465	
( 65, 101, 110, 189 )
K_UT/C_UT[118170, 27312]   K_T/C_T[393955, 186246]
[nb fired evts : 4313628]
94000	325	50	406	456	
( 69, 105, 134, 148 )
K_UT/C_UT[119414, 27620]   K_T/C_T[398075, 188302]
[nb fired evts : 4359955]
95000	304	54	403	457	
( 73, 101, 91, 192 )
K_UT/C_UT[120721, 27918]   K_T/C_T[402372, 190394]
[nb fired evts : 4407267]
96000	332	72	400	472	
( 70, 113, 92, 197 )
K_UT/C_UT[121989, 28202]   K_T/C_T[406499, 192283]
[nb fired evts : 4453108]
97000	293	76	410	486	
( 72, 84, 110, 220 )
K_UT/C_UT[123290, 28509]   K_T/C_T[410844, 194342]
[nb fired evts : 4500659]
98000	292	69	411	480	
( 52, 128, 107, 193 )
K_UT/C_UT[124617, 28806]   K_T/C_T[415253, 196389]
[nb fired evts : 4548258]
99000	302	51	385	436	
( 57, 112, 97, 170 )
K_UT/C_UT[125863, 29074]   K_T/C_T[419420, 198418]
[nb fired evts : 4594305]
100000	277	70	419	489	
( 63, 144, 103, 179 )
K_UT/C_UT[127120, 29356]   K_T/C_T[423521, 200403]
[nb fired evts : 4639687]
100000	277	70	419	489	
( 63, 144, 103, 179 )
K_UT/C_UT[127120, 29356]   K_T/C_T[423521, 200403]
[nb fired evts : 4639687]
